FeatureLevel=50600
Flairs=
PreprocessorDefinitions=
Techniques=

[CAS.fx]
Contrast=0.600000
Sharpening=1.000000

[Copyright.fx]
cLayer_Blend=1.000000
cLayer_BlendMode=0
cLayer_BlendMode_BG=0
cLayer_BlendMode_CAb=0
cLayer_BlendMode_Gauss=0
cLayer_Blend_BG=0.000000
cLayer_CAb_Blur=0.015000
cLayer_CAb_Color_A=1.000000,0.000000,0.000000,1.000000
cLayer_CAb_Color_B=0.000000,1.000000,1.000000,1.000000
cLayer_CAb_Shift=0.015000,-0.015000
cLayer_CAb_Strength=0.000000
cLayer_Color_Invert=0
cLayer_Color_Override=0
cLayer_Depth=1.000000
cLayer_Mouse=0
cLayer_PosX=0.680000
cLayer_PosX_Gauss=0.025000
cLayer_PosY=0.970000
cLayer_PosY_Gauss=0.050000
cLayer_Rotate=0.000000
cLayer_Scale=0.779000
cLayer_ScaleX=1.000000
cLayer_ScaleY=1.000000
cLayer_Scale_Gauss=1.000000
cLayer_Select=3
cLayer_SelectGame=0
cLayer_SnapRotate=1
GaussColor=0.000000,0.000000,0.000000
GaussianBlurRadius=1
GaussWeight=0.600000
GaussWeightH=0.001000
GaussWeightV=0.001000
Gauss_Blend=0.000000

[DisplayDepth.fx]
Advanced_help=0
bUIShowOffset=0
bUIUseLivePreview=1
Depth_help=0
fUIDepthMultiplier=1.000000
fUIFarPlane=1000.000000
fUIScale=1.000000,1.000000
iUIOffset=0,0
iUIPresentType=2

[DisplayMod.fx]
Display_PosX=0.500000
Display_PosY=0.500000
Display_Rotate=0.000000
Display_Scale=1.001000
Display_ScaleX=1.000000
Display_ScaleY=1.000000
Display_SnapRotate=0

[Layer.fx]
Layer_Blend=1.000000
Layer_BlendMode=0
Layer_PosX=0.500000
Layer_PosY=0.500000
Layer_Quantity=0
Layer_Rotate=0.000000
Layer_Scale=1.001000
Layer_ScaleX=1.000000
Layer_ScaleY=1.000000
Layer_SnapRotate=0

[MultiLayer.fx]
Layer_Blend=1.000000
Layer_BlendMode=0
Layer_PosX=0.500000
Layer_PosY=0.500000
Layer_Rotate=0.000000
Layer_Scale=1.001000
Layer_ScaleX=1.000000
Layer_ScaleY=1.000000
Layer_Select=0
Layer_SnapRotate=0

[Splitscreen.fx]
splitscreen_mode=0

